SplitterH.X=473.390594
SplitterH.Y=0.000000
SplitterH.Height=961.000000
ViewportType3=0
SplitterH.Width=20.000000
CameraSpeedScalar3=0.198000
SplitterV.X=0.000000
SplitterV.Width=984.000000
CameraSpeedScalar2=1.000000
SplitterV.Y=457.568695
SplitterV.Height=20.000000
PerspectiveCameraRotX2=0.000000
ShowFlag1=31
CameraSpeedSetting0=1
CameraSpeedScalar0=0.100000
GridSize0=10.000000
PerspectiveCameraRotY2=0.000000
PerspectiveCameraLocX0=-0.019805
PerspectiveCameraLocY0=4.412900
PerspectiveCameraLocZ0=1.494996
ShowFlag3=54
CameraSpeedSetting2=1
PerspectiveCameraRotX0=0.000000
PerspectiveCameraLocX2=0.000000
PerspectiveCameraRotY0=-1.699930
PerspectiveCameraRotZ0=-89.600761
PerspectiveCameraRotX3=0.000000
CameraSpeedSetting1=1
ShowFlag0=18
bMutiView=1
ViewMode0=0
ViewportType0=0
CameraSpeedScalar1=1.000000
GridSize1=10.000000
PerspectiveCameraRotY3=43.999947
PerspectiveCameraLocX1=-10.316068
ScreenHeight=3
PerspectiveCameraLocY1=10.614576
PerspectiveCameraLocZ1=9.302712
CameraSpeedSetting3=1
ShowFlag2=31
PerspectiveCameraRotX1=0.000000
PerspectiveCameraLocX3=-1.157975
PerspectiveCameraRotY1=12.900004
PerspectiveCameraRotZ1=-30.499998
ViewMode1=3
ViewportType1=0
GridSize2=10.000000
PerspectiveCameraLocY2=0.000000
PerspectiveCameraLocZ2=0.000000
PerspectiveCameraRotZ2=0.000000
ScreenWidth=3
ViewMode2=2
ViewportType2=4
GridSize3=10.000000
PerspectiveCameraLocY3=3.591794
PerspectiveCameraLocZ3=7.896221
PerspectiveCameraRotZ3=296.205658
ViewMode3=4
OrthoZoomSize=17.199980
ActiveViewportIndex=3
OrthoPivotX=7.500005
OrthoPivotY=-5.000004
OrthoPivotZ=5.799999
